context	ref	alt	mu	methylation_level	variant_count	singleton_count
AAA	A	C	1.8303e-09	0	1009935	560171
AAA	A	G	3.0288e-09	0	1731618	968356
AAA	A	T	1.0670e-09	0	551726	306157
AAC	A	C	1.3911e-09	0	305264	163864
AAC	A	G	5.2457e-09	0	1139973	632056
AAC	A	T	1.3560e-09	0	277517	153923
AAG	A	C	1.4983e-09	0	465082	269836
AAG	A	G	3.9291e-09	0	1204953	681060
AAG	A	T	9.4450e-10	0	281621	163427
AAT	A	C	1.2703e-09	0	480406	278280
AAT	A	G	7.7544e-09	0	2917594	1555038
AAT	A	T	1.5138e-09	0	515566	279616
ACA	C	A	2.9409e-09	0	809395	456159
ACA	C	G	2.3710e-09	0	728188	412431
ACA	C	T	9.3201e-09	0	2774644	1537233
ACC	C	A	5.7034e-09	0	920838	520502
ACC	C	G	2.4639e-09	0	443841	256448
ACC	C	T	9.9720e-09	0	1679831	927877
ACG	C	A	6.6879e-09	0	238207	132851
ACG	C	G	4.9426e-09	0	192111	104090
ACG	C	T	2.6612e-08	0	42043	14247
ACG	C	T	1.0750e-07	1	210703	62972
ACG	C	T	1.4169e-07	2	3120965	1031647
ACT	C	A	2.0967e-09	0	489346	283885
ACT	C	G	3.0337e-09	0	764639	442004
ACT	C	T	7.9566e-09	0	1917105	1066099
CAA	A	C	1.9615e-09	0	556177	319815
CAA	A	G	3.8238e-09	0	1080805	586021
CAA	A	T	9.1862e-10	0	256202	151040
CAC	A	C	1.8485e-09	0	424607	244323
CAC	A	G	5.0796e-09	0	1148654	608788
CAC	A	T	1.4118e-09	0	304690	174653
CAG	A	C	1.6210e-09	0	509202	296292
CAG	A	G	5.2348e-09	0	1651989	897017
CAG	A	T	1.1632e-09	0	357996	211090
CAT	A	C	2.0022e-09	0	555584	324391
CAT	A	G	1.1275e-08	0	3069862	1639139
CAT	A	T	2.3466e-09	0	611411	358574
CCA	C	A	2.1462e-09	0	523063	295673
CCA	C	G	1.7760e-09	0	493771	279832
CCA	C	T	6.7244e-09	0	1848604	1047673
CCC	C	A	3.0275e-09	0	562139	314530
CCC	C	G	3.2054e-09	0	621504	340013
CCC	C	T	8.5724e-09	0	1639588	911334
CCG	C	A	5.1901e-09	0	196856	107659
CCG	C	G	5.3627e-09	0	217811	120305
CCG	C	T	2.0993e-08	0	71151	33526
CCG	C	T	8.2387e-08	1	149455	49280
CCG	C	T	1.2483e-07	2	3034021	1077025
CCT	C	A	1.7092e-09	0	431842	248134
CCT	C	G	2.6842e-09	0	753769	433589
CCT	C	T	8.1422e-09	0	2086244	1174815
GAA	A	C	1.2103e-09	0	374633	215111
GAA	A	G	3.0181e-09	0	863852	479840
GAA	A	T	9.4166e-10	0	272707	160298
GAC	A	C	1.0495e-09	0	160068	92175
GAC	A	G	4.2353e-09	0	588993	330024
GAC	A	T	1.8684e-09	0	248502	141531
GAG	A	C	1.2532e-09	0	325201	186287
GAG	A	G	3.1245e-09	0	822453	474775
GAG	A	T	1.1340e-09	0	284460	166021
GAT	A	C	1.0943e-09	0	223227	127911
GAT	A	G	5.3443e-09	0	1078298	604450
GAT	A	T	2.9242e-09	0	549637	317651
GCA	C	A	3.3394e-09	0	643084	369931
GCA	C	G	1.6675e-09	0	375362	214889
GCA	C	T	6.8845e-09	0	1471697	825653
GCC	C	A	3.7538e-09	0	650022	379191
GCC	C	G	2.2808e-09	0	420945	240124
GCC	C	T	8.6359e-09	0	1472911	817866
GCG	C	A	8.8520e-09	0	284204	158467
GCG	C	G	3.9695e-09	0	137154	74133
GCG	C	T	1.4846e-08	0	47674	22551
GCG	C	T	7.0178e-08	1	81698	24576
GCG	C	T	1.2296e-07	2	2526912	893066
GCT	C	A	2.0008e-09	0	396121	230821
GCT	C	G	2.3044e-09	0	506807	293242
GCT	C	T	7.7891e-09	0	1534808	853674
TAA	A	C	1.3516e-09	0	448230	257997
TAA	A	G	4.1342e-09	0	1340993	762334
TAA	A	T	1.8172e-09	0	508392	252100
TAC	A	C	1.0244e-09	0	188257	106709
TAC	A	G	6.1812e-09	0	1066218	598160
TAC	A	T	1.1486e-09	0	194187	111948
TAG	A	C	1.0799e-09	0	217336	125426
TAG	A	G	5.1781e-09	0	1045860	590334
TAG	A	T	1.0818e-09	0	204204	119312
TAT	A	C	1.1890e-09	0	360862	201225
TAT	A	G	1.1196e-08	0	3415266	1832994
TAT	A	T	1.8687e-09	0	522342	292796
TCA	C	A	2.3099e-09	0	556371	320478
TCA	C	G	2.1414e-09	0	663777	384173
TCA	C	T	5.7989e-09	0	1693219	964666
TCC	C	A	2.5995e-09	0	587452	343985
TCC	C	G	2.5440e-09	0	614643	359540
TCC	C	T	7.6664e-09	0	1685878	932843
TCG	C	A	5.1503e-09	0	160309	90305
TCG	C	G	5.5213e-09	0	186727	101320
TCG	C	T	1.9329e-08	0	28897	12549
TCG	C	T	7.2389e-08	1	101913	35869
TCG	C	T	1.0005e-07	2	2202360	871750
TCT	C	A	2.6557e-09	0	801143	457437
TCT	C	G	3.5919e-09	0	1224355	704317
TCT	C	T	5.5597e-09	0	1733212	976735
